717445300 398580700 186004300 79716100 32476900 12793900 4920701 1858903 692509 255127 93181 33943 12829 6487 8061 19683 6562 2190 738 270 162 270 738 2190 6562 19683 6561 2187 729 243 1581 4427 12509 35003 97101 267200 728900 1968200 5248700 13778000 35429300 88573400 212576300 478296800 956593700 1116026000 1062881900 1009737800 980213300 966435200 960530300 958124600 957176900 956812400 956674700 956623400 956604500 956597600 956595100 956593700 956593700 956593700 956593700 956593700 956593700 956593700 956593700 956593700 956593700 956593700 956593700 956593700 956593700 956593700 956593700 956593700 956593700 956593700 956593700 956593700 956593700 956593700 956593700 956593700 956593700 956593700 956593700 956593700 956593700 956593700 956593700 956593700 956593700 956593700 956593700 956593700 956593700 956593700 956593700 956593700 956593700 956593700 956593700 956593700 956593700 956593700 956593700 956593700 956593700 956593700 956593700 956593700 956593700 956593700 956593700 956593700 956593700 956593700 956593700 956593700 956593700 956593700 956593700 956593700 956593700 956593700 956593700 956593700 956593700 956593700 956593700 956593700 956593700 956593700 956593700 956593700 956593700 956593700 956593700 956593700 956593700 956593700 956593700 956593700 956593700 956593700 956593700 956593700 956593700 956593700 956593700 956593700 956593700 956593700 956593700 956593700 956593700 956593700 956593700 956593700 956593700 956593700 956593700 956593700 956593700 956593700 956593700 956593700 956593700 956593700 956593700 956593700 956593700 956593700 956593700 956593700 956593700 956593700 956593700 956593700 956593700 956593700 956593700 956593700 956593700 956593700 956593700 956593700 956593700 956593700 956593700 956593700 956593700 956593700 956593700 956593700 956593700 956593700 956593700 956593700 956593700 956593700 956593700 956593700 956593700 956593700 956593700 956593700 956593700 956593700 956593700 956593700 956593700 956593700 956593700 956593700 956593700 956593700 956593700 956593700 956593700 956593700 956593700 956593700 956593700 956593700 956593700 956593700 956593700 956593700 956595100 956597600 956604500 956623400 956674700 956812400 957176900 958124600 960530300 966435200 980213300 1009737800 1062881900 1116026000 956593700 
876877600 558013000 239148400 97430800 38381800 14762200 5576802 2077604 765410 279428 101282 36644 13730 6788 8162 6562 6563 2191 739 271 163 271 739 2191 6563 6561 6561 2187 729 243 1681 4727 13409 37703 105201 291500 801800 2186900 5904800 15746300 41334200 106288100 265720400 637729100 1116026000 956593700 797161400 708587900 667253600 649538900 642321800 639478700 638385200 637972100 637818200 637761500 637740800 637733300 637730600 637729100 637729100 637729100 637729100 637729100 637729100 637729100 637729100 637729100 637729100 637729100 637729100 637729100 637729100 637729100 637729100 637729100 637729100 637729100 637729100 637729100 637729100 637729100 637729100 637729100 637729100 637729100 637729100 637729100 637729100 637729100 637729100 637729100 637729100 637729100 637729100 637729100 637729100 637729100 637729100 637729100 637729100 637729100 637729100 637729100 637729100 637729100 637729100 637729100 637729100 637729100 637729100 637729100 637729100 637729100 637729100 637729100 637729100 637729100 637729100 637729100 637729100 637729100 637729100 637729100 637729100 637729100 637729100 637729100 637729100 637729100 637729100 637729100 637729100 637729100 637729100 637729100 637729100 637729100 637729100 637729100 637729100 637729100 637729100 637729100 637729100 637729100 637729100 637729100 637729100 637729100 637729100 637729100 637729100 637729100 637729100 637729100 637729100 637729100 637729100 637729100 637729100 637729100 637729100 637729100 637729100 637729100 637729100 637729100 637729100 637729100 637729100 637729100 637729100 637729100 637729100 637729100 637729100 637729100 637729100 637729100 637729100 637729100 637729100 637729100 637729100 637729100 637729100 637729100 637729100 637729100 637729100 637729100 637729100 637729100 637729100 637729100 637729100 637729100 637729100 637729100 637729100 637729100 637729100 637729100 637729100 637729100 637729100 637729100 637729100 637729100 637729100 637729100 637729100 637729100 637729100 637729100 637729100 637729100 637729100 637729100 637729100 637729100 637729100 637729100 637729100 637729100 637729100 637729100 637729100 637729100 637730600 637733300 637740800 637761500 637818200 637972100 638385200 639478700 642321800 649538900 667253600 708587900 797161400 956593700 1116026000 
930021700 611157100 292292500 115145500 44286700 16730500 6232902 2296306 838312 303730 109384 39346 14632 7090 3890 2190 2191 2193 741 273 165 273 741 2193 2189 2187 2187 2187 729 243 1781 5027 14309 40403 113301 315800 874700 2405600 6560900 17714600 47239100 124002800 318864500 690873200 1062881900 797161400 531440900 407438000 354293900 332642600 324113300 320832800 319593500 319131800 318961700 318899600 318877100 318869000 318866100 318864500 318864500 318864500 318864500 318864500 318864500 318864500 318864500 318864500 318864500 318864500 318864500 318864500 318864500 318864500 318864500 318864500 318864500 318864500 318864500 318864500 318864500 318864500 318864500 318864500 318864500 318864500 318864500 318864500 318864500 318864500 318864500 318864500 318864500 318864500 318864500 318864500 318864500 318864500 318864500 318864500 318864500 318864500 318864500 318864500 318864500 318864500 318864500 318864500 318864500 318864500 318864500 318864500 318864500 318864500 318864500 318864500 318864500 318864500 318864500 318864500 318864500 318864500 318864500 318864500 318864500 318864500 318864500 318864500 318864500 318864500 318864500 318864500 318864500 318864500 318864500 318864500 318864500 318864500 318864500 318864500 318864500 318864500 318864500 318864500 318864500 318864500 318864500 318864500 318864500 318864500 318864500 318864500 318864500 318864500 318864500 318864500 318864500 318864500 318864500 318864500 318864500 318864500 318864500 318864500 318864500 318864500 318864500 318864500 318864500 318864500 318864500 318864500 318864500 318864500 318864500 318864500 318864500 318864500 318864500 318864500 318864500 318864500 318864500 318864500 318864500 318864500 318864500 318864500 318864500 318864500 318864500 318864500 318864500 318864500 318864500 318864500 318864500 318864500 318864500 318864500 318864500 318864500 318864500 318864500 318864500 318864500 318864500 318864500 318864500 318864500 318864500 318864500 318864500 318864500 318864500 318864500 318864500 318864500 318864500 318864500 318864500 318864500 318864500 318864500 318864500 318864500 318864500 318864500 318864500 318864500 318866100 318869000 318877100 318899600 318961700 319131800 319593500 320832800 324113300 332642600 354293900 407438000 531440900 797161400 1062881900 
947736400 628871800 310007200 132860200 50191600 18698800 6889002 2515006 911218 328036 117490 42052 15538 5938 2538 738 739 741 747 279 171 279 747 735 731 729 729 729 729 243 1881 5327 15209 43103 121401 340100 947600 2624300 7217000 19682900 53144000 141717500 336579200 673158500 1009737800 708587900 407438000 248005700 183051800 157463900 147622400 143904500 142519400 142009100 141822800 141755300 141731000 141722300 141719200 141717500 141717500 141717500 141717500 141717500 141717500 141717500 141717500 141717500 141717500 141717500 141717500 141717500 141717500 141717500 141717500 141717500 141717500 141717500 141717500 141717500 141717500 141717500 141717500 141717500 141717500 141717500 141717500 141717500 141717500 141717500 141717500 141717500 141717500 141717500 141717500 141717500 141717500 141717500 141717500 141717500 141717500 141717500 141717500 141717500 141717500 141717500 141717500 141717500 141717500 141717500 141717500 141717500 141717500 141717500 141717500 141717500 141717500 141717500 141717500 141717500 141717500 141717500 141717500 141717500 141717500 141717500 141717500 141717500 141717500 141717500 141717500 141717500 141717500 141717500 141717500 141717500 141717500 141717500 141717500 141717500 141717500 141717500 141717500 141717500 141717500 141717500 141717500 141717500 141717500 141717500 141717500 141717500 141717500 141717500 141717500 141717500 141717500 141717500 141717500 141717500 141717500 141717500 141717500 141717500 141717500 141717500 141717500 141717500 141717500 141717500 141717500 141717500 141717500 141717500 141717500 141717500 141717500 141717500 141717500 141717500 141717500 141717500 141717500 141717500 141717500 141717500 141717500 141717500 141717500 141717500 141717500 141717500 141717500 141717500 141717500 141717500 141717500 141717500 141717500 141717500 141717500 141717500 141717500 141717500 141717500 141717500 141717500 141717500 141717500 141717500 141717500 141717500 141717500 141717500 141717500 141717500 141717500 141717500 141717500 141717500 141717500 141717500 141717500 141717500 141717500 141717500 141717500 141717500 141717500 141717500 141719200 141722300 141731000 141755300 141822800 142009100 142519400 143904500 147622400 157463900 183051800 248005700 407438000 708587900 1009737800 
953641300 634776700 315912100 138765100 56096500 20667100 7545102 2733706 984118 352354 125608 44770 15970 5770 2170 270 271 273 279 297 189 297 261 249 245 243 243 243 243 243 1981 5627 16109 45803 129501 364400 1020500 2843000 7873100 21651200 59048900 147622400 330674300 655443800 980213300 667253600 354293900 183051800 106288100 76763600 65609900 61454600 59923700 59364800 59162300 59089400 59063300 59054000 59050700 59048900 59048900 59048900 59048900 59048900 59048900 59048900 59048900 59048900 59048900 59048900 59048900 59048900 59048900 59048900 59048900 59048900 59048900 59048900 59048900 59048900 59048900 59048900 59048900 59048900 59048900 59048900 59048900 59048900 59048900 59048900 59048900 59048900 59048900 59048900 59048900 59048900 59048900 59048900 59048900 59048900 59048900 59048900 59048900 59048900 59048900 59048900 59048900 59048900 59048900 59048900 59048900 59048900 59048900 59048900 59048900 59048900 59048900 59048900 59048900 59048900 59048900 59048900 59048900 59048900 59048900 59048900 59048900 59048900 59048900 59048900 59048900 59048900 59048900 59048900 59048900 59048900 59048900 59048900 59048900 59048900 59048900 59048900 59048900 59048900 59048900 59048900 59048900 59048900 59048900 59048900 59048900 59048900 59048900 59048900 59048900 59048900 59048900 59048900 59048900 59048900 59048900 59048900 59048900 59048900 59048900 59048900 59048900 59048900 59048900 59048900 59048900 59048900 59048900 59048900 59048900 59048900 59048900 59048900 59048900 59048900 59048900 59048900 59048900 59048900 59048900 59048900 59048900 59048900 59048900 59048900 59048900 59048900 59048900 59048900 59048900 59048900 59048900 59048900 59048900 59048900 59048900 59048900 59048900 59048900 59048900 59048900 59048900 59048900 59048900 59048900 59048900 59048900 59048900 59048900 59048900 59048900 59048900 59048900 59048900 59048900 59048900 59048900 59048900 59048900 59048900 59048900 59048900 59048900 59048900 59048900 59050700 59054000 59063300 59089400 59162300 59364800 59923700 61454600 65609900 76763600 106288100 183051800 354293900 667253600 980213300 
955609600 636745000 317880400 140733400 58064800 22635400 8201202 2952406 1057018 376654 133762 47362 16762 5962 2162 162 163 165 171 189 243 135 99 87 83 81 81 81 81 81 2081 5927 17009 48503 137601 388700 1093400 3061700 8529200 23619500 61017200 145654100 324769400 645602300 966435200 649538900 332642600 157463900 76763600 43302500 30836600 26243900 24567200 23959700 23741000 23662700 23634800 23624900 23621400 23619500 23619500 23619500 23619500 23619500 23619500 23619500 23619500 23619500 23619500 23619500 23619500 23619500 23619500 23619500 23619500 23619500 23619500 23619500 23619500 23619500 23619500 23619500 23619500 23619500 23619500 23619500 23619500 23619500 23619500 23619500 23619500 23619500 23619500 23619500 23619500 23619500 23619500 23619500 23619500 23619500 23619500 23619500 23619500 23619500 23619500 23619500 23619500 23619500 23619500 23619500 23619500 23619500 23619500 23619500 23619500 23619500 23619500 23619500 23619500 23619500 23619500 23619500 23619500 23619500 23619500 23619500 23619500 23619500 23619500 23619500 23619500 23619500 23619500 23619500 23619500 23619500 23619500 23619500 23619500 23619500 23619500 23619500 23619500 23619500 23619500 23619500 23619500 23619500 23619500 23619500 23619500 23619500 23619500 23619500 23619500 23619500 23619500 23619500 23619500 23619500 23619500 23619500 23619500 23619500 23619500 23619500 23619500 23619500 23619500 23619500 23619500 23619500 23619500 23619500 23619500 23619500 23619500 23619500 23619500 23619500 23619500 23619500 23619500 23619500 23619500 23619500 23619500 23619500 23619500 23619500 23619500 23619500 23619500 23619500 23619500 23619500 23619500 23619500 23619500 23619500 23619500 23619500 23619500 23619500 23619500 23619500 23619500 23619500 23619500 23619500 23619500 23619500 23619500 23619500 23619500 23619500 23619500 23619500 23619500 23619500 23619500 23619500 23619500 23619500 23619500 23619500 23619500 23619500 23619500 23619500 23621400 23624900 23634800 23662700 23741000 23959700 24567200 26243900 30836600 43302500 76763600 157463900 332642600 649538900 966435200 
956265700 637401100 318536500 141389500 58720900 23291500 8857302 3171106 1129918 400954 141808 50170 17770 6370 2370 270 271 273 279 297 135 81 45 33 29 27 27 27 27 27 2127 6227 17909 51203 145701 413000 1166300 3280400 9185300 24275600 60361100 143685800 321488900 641009600 960530300 642321800 324113300 147622400 65609900 30836600 17058501 12028401 10205901 9549801 9314901 9231201 9201501 9191001 9187301 9185301 9185302 9185302 9185302 9185302 9185302 9185302 9185302 9185302 9185302 9185301 9185301 9185301 9185301 9185301 9185301 9185301 9185302 9185302 9185302 9185301 9185301 9185301 9185301 9185301 9185301 9185301 9185301 9185301 9185301 9185301 9185301 9185301 9185301 9185301 9185301 9185300 9185300 9185300 9185300 9185300 9185300 9185301 9185301 9185301 9185301 9185301 9185301 9185301 9185301 9185301 9185301 9185301 9185301 9185301 9185301 9185301 9185301 9185301 9185301 9185301 9185300 9185300 9185300 9185300 9185300 9185300 9185301 9185301 9185301 9185301 9185301 9185301 9185301 9185301 9185301 9185301 9185301 9185301 9185301 9185301 9185301 9185301 9185301 9185301 9185301 9185300 9185300 9185300 9185300 9185300 9185300 9185301 9185301 9185301 9185301 9185301 9185301 9185301 9185301 9185301 9185301 9185301 9185301 9185301 9185301 9185301 9185301 9185301 9185301 9185301 9185300 9185300 9185300 9185300 9185300 9185300 9185301 9185301 9185301 9185301 9185301 9185301 9185301 9185301 9185301 9185301 9185301 9185301 9185301 9185301 9185301 9185301 9185301 9185301 9185301 9185300 9185300 9185300 9185300 9185300 9185300 9185301 9185301 9185301 9185301 9185301 9185301 9185301 9185301 9185301 9185301 9185301 9185301 9185301 9185301 9185301 9185301 9185301 9185301 9185301 9185300 9185300 9185300 9185300 9185300 9185300 9185300 9185300 9185300 9185300 9187300 9191000 9201500 9231200 9314900 9549800 10205900 12028400 17058500 30836600 65609900 147622400 324113300 642321800 960530300 
956484400 637619800 318755200 141608200 58939600 23510200 9076002 3389806 1202818 425236 149890 52852 19138 7138 2938 738 739 741 747 261 99 45 27 15 11 9 9 9 9 9 2209 6509 18809 53903 153801 437300 1239200 3499100 9404000 24056900 59705000 142592300 319958000 639041300 958124600 639478700 320832800 143904500 61454600 26243900 12028401 6560903 4592603 3887903 3636803 3547703 3516203 3505103 3501203 3499103 3499104 3499106 3499106 3499106 3499106 3499106 3499106 3499106 3499104 3499103 3499103 3499103 3499103 3499103 3499103 3499103 3499104 3499106 3499104 3499103 3499103 3499103 3499103 3499103 3499103 3499103 3499103 3499103 3499103 3499103 3499103 3499103 3499103 3499103 3499101 3499100 3499100 3499100 3499100 3499100 3499100 3499101 3499103 3499103 3499103 3499103 3499103 3499103 3499103 3499103 3499103 3499103 3499103 3499104 3499104 3499104 3499104 3499104 3499104 3499102 3499101 3499101 3499101 3499101 3499101 3499101 3499102 3499104 3499104 3499104 3499104 3499104 3499103 3499103 3499103 3499103 3499103 3499103 3499103 3499103 3499103 3499103 3499103 3499103 3499101 3499100 3499100 3499100 3499100 3499100 3499100 3499101 3499103 3499103 3499103 3499103 3499103 3499103 3499103 3499103 3499103 3499103 3499103 3499103 3499103 3499103 3499103 3499103 3499103 3499101 3499100 3499100 3499100 3499100 3499100 3499100 3499101 3499103 3499103 3499103 3499103 3499103 3499103 3499103 3499103 3499103 3499103 3499103 3499103 3499103 3499103 3499103 3499103 3499103 3499101 3499100 3499100 3499100 3499100 3499100 3499100 3499101 3499103 3499103 3499103 3499103 3499103 3499103 3499103 3499103 3499103 3499103 3499103 3499103 3499103 3499103 3499103 3499103 3499103 3499101 3499100 3499100 3499100 3499100 3499100 3499100 3499100 3499100 3499100 3499100 3501200 3505100 3516200 3547700 3636800 3887900 4592600 6560900 12028400 26243900 61454600 143904500 320832800 639478700 958124600 
956557300 637692700 318828100 141681100 59012500 23583100 9148902 3462706 1275712 449530 157984 55546 20032 8890 4490 2190 2191 2193 735 249 87 33 15 9 5 3 3 3 3 3 2303 6803 19703 56603 161901 461600 1312100 3572000 9331100 23838200 59340500 142082000 319301900 638239400 957176900 638385200 319593500 142519400 59923700 24567200 10205901 4592603 2478509 1725209 1457909 1363409 1330109 1318409 1314309 1312109 1312110 1312112 1312118 1312118 1312118 1312118 1312118 1312112 1312110 1312109 1312109 1312109 1312109 1312109 1312109 1312109 1312110 1312106 1312110 1312109 1312109 1312109 1312109 1312109 1312109 1312109 1312109 1312109 1312109 1312109 1312109 1312109 1312109 1312103 1312101 1312100 1312100 1312100 1312100 1312100 1312100 1312101 1312103 1312109 1312109 1312109 1312109 1312109 1312109 1312109 1312109 1312109 1312109 1312110 1312112 1312112 1312112 1312112 1312106 1312104 1312103 1312103 1312103 1312103 1312103 1312103 1312104 1312106 1312112 1312112 1312112 1312110 1312109 1312109 1312109 1312109 1312109 1312109 1312109 1312109 1312109 1312109 1312109 1312103 1312101 1312100 1312100 1312100 1312100 1312100 1312100 1312101 1312103 1312109 1312109 1312109 1312109 1312109 1312109 1312109 1312109 1312109 1312109 1312109 1312109 1312109 1312109 1312109 1312103 1312101 1312100 1312100 1312100 1312100 1312100 1312100 1312101 1312103 1312109 1312109 1312109 1312109 1312109 1312109 1312109 1312109 1312109 1312109 1312109 1312109 1312109 1312109 1312109 1312103 1312101 1312100 1312100 1312100 1312100 1312100 1312100 1312101 1312103 1312109 1312109 1312109 1312109 1312109 1312109 1312109 1312109 1312109 1312109 1312109 1312109 1312109 1312109 1312109 1312103 1312101 1312100 1312100 1312100 1312100 1312100 1312100 1312100 1312100 1312100 1312100 1314300 1318400 1330100 1363400 1457900 1725200 2478500 4592600 10205900 24567200 59923700 142519400 319593500 638385200 957176900 
956581600 637717000 318852400 141705400 59036800 23607400 9173202 3487004 1300010 473828 166082 58244 20930 9188 8962 6562 6563 2189 731 245 83 29 11 5 3 1 1 1 1 1 2401 7101 20601 59301 170001 485900 1336400 3547700 9258200 23716700 59170400 141863300 319034600 637923500 956812400 637972100 319131800 142009100 59364800 23959700 9549801 3887903 1725209 923327 639827 539927 504827 492527 488227 485927 485928 485930 485936 485954 485954 485954 485936 485930 485928 485927 485927 485927 485927 485927 485927 485927 485910 485906 485910 485927 485927 485927 485927 485927 485927 485927 485927 485927 485927 485927 485927 485927 485909 485903 485901 485900 485900 485900 485900 485900 485900 485901 485903 485909 485927 485927 485927 485927 485927 485927 485927 485927 485927 485928 485930 485936 485936 485918 485912 485910 485909 485909 485909 485909 485909 485909 485910 485912 485918 485936 485930 485928 485927 485927 485927 485927 485927 485927 485927 485927 485927 485927 485909 485903 485901 485900 485900 485900 485900 485900 485900 485901 485903 485909 485927 485927 485927 485927 485927 485927 485927 485927 485927 485927 485927 485927 485927 485909 485903 485901 485900 485900 485900 485900 485900 485900 485901 485903 485909 485927 485927 485927 485927 485927 485927 485927 485927 485927 485927 485927 485927 485927 485909 485903 485901 485900 485900 485900 485900 485900 485900 485901 485903 485909 485927 485927 485927 485927 485927 485927 485927 485927 485927 485927 485927 485927 485927 485909 485903 485901 485900 485900 485900 485900 485900 485900 485900 485900 485900 485900 488200 492500 504800 539900 639800 923300 1725200 3887900 9549800 23959700 59364800 142009100 319131800 637972100 956812400 
956589700 637725100 318860500 141713500 59044900 23615500 9181301 3495103 1308109 481927 174181 60943 21829 9487 9061 19683 6561 2187 729 243 81 27 9 3 1 0 0 0 0 0 2500 7400 21500 62000 178100 494000 1328300 3523400 9217700 23660000 59097500 141774200 318929300 637802000 956674700 637818200 318961700 141822800 59162300 23741000 9314901 3636803 1457909 639827 340181 234881 197981 185081 180581 178181 178182 178184 178190 178208 178262 178208 178190 178184 178182 178181 178181 178181 178181 178181 178181 178127 178110 178106 178110 178127 178181 178181 178181 178181 178181 178181 178181 178181 178181 178181 178181 178127 178109 178103 178101 178100 178100 178100 178100 178100 178100 178101 178103 178109 178127 178181 178181 178181 178181 178181 178181 178181 178181 178182 178184 178190 178154 178136 178130 178128 178127 178127 178127 178127 178127 178127 178128 178130 178136 178136 178184 178182 178181 178181 178181 178181 178181 178181 178181 178181 178181 178128 178110 178104 178102 178101 178101 178101 178101 178101 178101 178102 178104 178110 178128 178182 178182 178182 178182 178182 178181 178181 178181 178181 178181 178181 178128 178110 178104 178102 178101 178101 178101 178101 178101 178101 178102 178104 178110 178128 178182 178182 178182 178182 178182 178181 178181 178181 178181 178181 178181 178127 178109 178103 178101 178100 178100 178100 178100 178100 178100 178101 178103 178109 178127 178181 178181 178181 178181 178181 178181 178181 178181 178181 178181 178181 178127 178109 178103 178101 178100 178100 178100 178100 178100 178100 178100 178100 178100 178100 180500 185000 197900 234800 340100 639800 1457900 3636800 9314900 23741000 59162300 141822800 318961700 637818200 956674700 
956592400 637727800 318863200 141716200 59047600 23618200 9184001 3497803 1310809 484627 176881 63643 22729 9787 9161 6561 6561 2187 729 243 81 27 9 3 1 0 0 0 0 0 2600 7700 22400 64700 180800 491300 1320200 3509900 9198800 23635700 59067800 141739100 318888800 637756100 956623400 637761500 318899600 141755300 59089400 23662700 9231201 3547703 1363409 539927 234881 124343 85643 72143 67443 64943 64944 64946 64952 64970 64862 64970 64952 64946 64944 64943 64943 64943 64943 64943 64781 64727 64710 64706 64710 64727 64781 64943 64943 64943 64943 64943 64943 64943 64943 64943 64781 64727 64709 64703 64701 64700 64700 64700 64700 64700 64700 64701 64703 64709 64727 64781 64943 64943 64943 64943 64943 64943 64943 64944 64946 64790 64754 64790 64784 64782 64781 64781 64781 64781 64781 64781 64782 64784 64736 64736 64784 64944 64943 64943 64943 64943 64943 64943 64943 64943 64781 64728 64712 64706 64704 64703 64703 64703 64703 64703 64703 64704 64706 64712 64730 64784 64946 64946 64946 64944 64943 64943 64943 64943 64943 64781 64728 64712 64706 64704 64703 64703 64703 64703 64703 64703 64704 64706 64712 64730 64784 64946 64946 64946 64944 64943 64943 64943 64943 64943 64781 64727 64709 64703 64701 64700 64700 64700 64700 64700 64700 64701 64703 64709 64727 64781 64943 64943 64943 64943 64943 64943 64943 64943 64943 64781 64727 64709 64703 64701 64700 64700 64700 64700 64700 64700 64700 64700 64700 64700 67200 71900 85400 124100 234800 539900 1363400 3547700 9231200 23662700 59089400 141755300 318899600 637761500 956623400 
956593300 637728700 318864100 141717100 59048500 23619100 9184901 3498703 1311709 485527 177781 64543 23629 10087 4887 2187 2187 2187 729 243 81 27 9 3 1 0 0 0 0 0 2700 8000 23300 65600 179900 488600 1315700 3503600 9190700 23625800 59056100 141725600 318873500 637739000 956604500 637740800 318877100 141731000 59063300 23634800 9201501 3516203 1330109 504827 197981 85643 45629 31529 26629 24029 24030 24032 24038 23570 23462 23570 24038 24032 24030 24029 24029 24029 24029 23543 23381 23327 23310 23306 23310 23327 23381 23543 24029 24029 24029 24029 24029 24029 24029 23543 23381 23327 23309 23303 23301 23300 23300 23300 23300 23300 23300 23301 23303 23309 23327 23381 23543 24029 24029 24029 24029 24029 24029 24030 23546 23390 23354 23390 23546 23544 23543 23543 23543 23543 23543 23543 23544 23384 23336 23336 23384 23544 24029 24029 24029 24029 24029 24029 24029 23543 23381 23328 23312 23312 23310 23309 23309 23309 23309 23309 23309 23310 23312 23318 23336 23390 23552 24038 24032 24030 24029 24029 24029 24029 23543 23381 23328 23312 23312 23310 23309 23309 23309 23309 23309 23309 23310 23312 23318 23336 23390 23552 24038 24032 24030 24029 24029 24029 24029 23543 23381 23327 23309 23303 23301 23300 23300 23300 23300 23300 23300 23301 23303 23309 23327 23381 23543 24029 24029 24029 24029 24029 24029 24029 23543 23381 23327 23309 23303 23301 23300 23300 23300 23300 23300 23300 23300 23300 23300 23300 25900 30800 44900 85400 197900 504800 1330100 3516200 9201500 23634800 59063300 141731000 318877100 637740800 956604500 
956593600 637729000 318864400 141717400 59048800 23619400 9185201 3499003 1312009 485827 178081 64843 23929 8929 3529 729 729 729 729 243 81 27 9 3 1 0 0 0 0 0 2800 8300 23600 65300 179000 487100 1313600 3500900 9187400 23621900 59051600 141720500 318867800 637732700 956597600 637733300 318869000 141722300 59054000 23624900 9191001 3505103 1318409 492527 185081 72143 31529 18287 13187 10487 10488 10490 9038 8570 8462 8570 9038 10490 10488 10487 10487 10487 9029 8543 8381 8327 8310 8306 8310 8327 8381 8543 9029 10487 10487 10487 10487 10487 9029 8543 8381 8327 8309 8303 8301 8300 8300 8300 8300 8300 8300 8301 8303 8309 8327 8381 8543 9029 10487 10487 10487 10487 10487 9030 8546 8390 8354 8390 8546 9030 9029 9029 9029 9029 9029 9029 8544 8384 8336 8336 8384 8544 9029 10487 10487 10487 10487 10487 9029 8543 8381 8328 8312 8312 8328 8327 8327 8327 8327 8327 8327 8328 8330 8336 8354 8408 8570 9038 10490 10488 10487 10487 10487 9029 8543 8381 8328 8312 8312 8328 8327 8327 8327 8327 8327 8327 8328 8330 8336 8354 8408 8570 9038 10490 10488 10487 10487 10487 9029 8543 8381 8327 8309 8303 8301 8300 8300 8300 8300 8300 8300 8301 8303 8309 8327 8381 8543 9029 10487 10487 10487 10487 10487 9029 8543 8381 8327 8309 8303 8301 8300 8300 8300 8300 8300 8300 8300 8300 8300 8300 11000 16100 30800 71900 185000 492500 1318400 3505100 9191000 23624900 59054000 141722300 318869000 637733300 956597600 
956593700 637729100 318864500 141717500 59048900 23619500 9185301 3499103 1312109 485927 178181 64943 23543 8543 3143 243 243 243 243 243 81 27 9 3 1 0 0 0 0 0 2900 8400 23500 65000 178500 486400 1312700 3499800 9186100 23620400 59049900 141718600 318865700 637730400 956595100 637730600 318866100 141719200 59050700 23621400 9187301 3501203 1314309 488227 180581 67443 26629 13187 12261 9461 9462 5090 3638 3170 3062 3170 3638 5090 9462 9461 9461 5087 3629 3143 2981 2927 2910 2906 2910 2927 2981 3143 3629 5087 9461 9461 9461 5087 3629 3143 2981 2927 2909 2903 2901 2900 2900 2900 2900 2900 2900 2901 2903 2909 2927 2981 3143 3629 5087 9461 9461 9461 5087 3630 3146 2990 2954 2990 3146 3630 5087 5087 5087 5087 5087 3629 3144 2984 2936 2936 2984 3144 3629 5087 9461 9461 9461 5087 3629 3143 2981 2928 2912 2912 2928 2981 2981 2981 2981 2981 2981 2982 2984 2990 3008 3062 3170 3638 5090 9462 9461 9461 5087 3629 3143 2981 2928 2912 2912 2928 2981 2981 2981 2981 2981 2981 2982 2984 2990 3008 3062 3170 3638 5090 9462 9461 9461 5087 3629 3143 2981 2927 2909 2903 2901 2900 2900 2900 2900 2900 2900 2901 2903 2909 2927 2981 3143 3629 5087 9461 9461 9461 5087 3629 3143 2981 2927 2909 2903 2901 2900 2900 2900 2900 2900 2900 2900 2900 2900 2900 5700 11000 25900 67200 180500 488200 1314300 3501200 9187300 23621400 59050700 141719200 318866100 637730600 956595100 
956593700 637729100 318864500 141717500 59048900 23619500 9185301 3499103 1312109 485927 178181 64781 23381 8381 2981 81 81 81 81 81 81 27 9 3 1 0 0 0 0 0 2900 8300 23300 64700 178100 485900 1312100 3499100 9185300 23619500 59048900 141717500 318864500 637729100 956593700 637729100 318864500 141717500 59048900 23619500 9185301 3499103 1312109 485927 178181 64943 24029 10487 9461 19683 6562 2190 738 270 162 270 738 2190 6562 19683 6561 2187 729 243 81 27 10 6 10 27 81 243 729 2187 6561 19683 6561 2187 729 243 81 27 9 3 1 0 0 0 0 0 0 1 3 9 27 81 243 729 2187 6561 19683 6561 2187 730 246 90 54 90 246 730 2187 6561 6561 6561 2187 729 244 84 36 36 84 244 729 2187 6561 19683 6561 2187 729 243 81 28 12 12 28 81 243 243 243 243 243 244 246 252 270 162 270 738 2190 6562 19683 6561 2187 729 243 81 28 12 12 28 81 243 243 243 243 243 244 246 252 270 162 270 738 2190 6562 19683 6561 2187 729 243 81 27 9 3 1 0 0 0 0 0 0 1 3 9 27 81 243 729 2187 6561 19683 6561 2187 729 243 81 27 9 3 1 0 0 0 0 0 0 0 0 0 0 2900 8300 23300 64700 178100 485900 1312100 3499100 9185300 23619500 59048900 141717500 318864500 637729100 956593700 
956593700 637729100 318864500 141717500 59048900 23619500 9185301 3499103 1312109 485927 178127 64727 23327 8327 2927 27 28 28 28 28 28 28 10 4 2 1 1 1 1 1 2901 8301 23301 64701 178101 485900 1312100 3499100 9185300 23619500 59048900 141717500 318864500 637729100 956593700 637729100 318864500 141717500 59048900 23619500 9185302 3499104 1312110 485928 178182 64944 24030 10488 9462 6562 6563 2191 739 271 163 271 740 2192 6564 6562 6562 2188 730 244 82 28 11 7 11 28 82 244 730 2188 6562 6561 6561 2187 729 243 81 28 10 4 2 1 1 1 1 1 1 2 4 10 28 82 244 730 2188 6562 6561 6561 2187 730 246 90 54 90 246 730 2187 6561 19683 6561 2187 729 244 84 36 36 84 244 729 2187 6561 6561 6561 2187 729 243 81 28 12 12 28 81 243 729 729 729 729 730 732 738 270 162 270 738 2190 6562 6561 6561 2187 729 243 81 28 12 12 28 81 243 729 729 729 729 730 732 738 270 162 270 738 2190 6562 6561 6561 2187 729 243 81 28 10 4 2 1 1 1 1 1 1 2 4 10 28 82 244 730 2188 6562 6561 6561 2187 729 243 81 28 10 4 2 1 1 1 1 1 1 1 1 1 1 2901 8301 23301 64701 178101 485900 1312100 3499100 9185300 23619500 59048900 141717500 318864500 637729100 956593700 
956593700 637729100 318864500 141717500 59048900 23619500 9185301 3499103 1312109 485909 178109 64709 23309 8309 2909 9 10 12 12 12 12 12 12 6 4 3 3 3 3 3 2903 8303 23303 64703 178101 485900 1312100 3499100 9185300 23619500 59048900 141717500 318864500 637729100 956593700 637729100 318864500 141717500 59048900 23619500 9185302 3499106 1312112 485930 178184 64946 24032 10490 5090 2190 2191 2193 741 273 165 273 742 2196 2192 2190 2190 2190 732 246 84 30 13 9 13 30 84 246 732 2190 2188 2187 2187 2187 729 243 81 28 12 6 4 3 3 3 3 3 3 4 6 12 30 84 246 732 2190 2188 2187 2187 2187 730 246 90 54 90 246 730 2187 6561 6561 6561 2187 729 244 84 36 36 84 244 729 2187 2187 2187 2187 2187 729 243 81 28 12 12 28 81 243 729 2187 2187 2187 2188 2190 738 270 162 270 738 2190 2188 2187 2187 2187 729 243 81 28 12 12 28 81 243 729 2187 2187 2187 2188 2190 738 270 162 270 738 2190 2188 2187 2187 2187 729 243 81 28 12 6 4 3 3 3 3 3 3 4 6 12 30 84 246 732 2190 2188 2187 2187 2187 729 243 81 28 12 6 4 3 3 3 3 3 3 3 3 3 3 2903 8303 23303 64703 178101 485900 1312100 3499100 9185300 23619500 59048900 141717500 318864500 637729100 956593700 
956593700 637729100 318864500 141717500 59048900 23619500 9185301 3499103 1312103 485903 178103 64703 23303 8303 2903 3 4 6 12 12 12 12 12 12 10 9 9 9 9 9 2909 8309 23309 64703 178101 485900 1312100 3499100 9185300 23619500 59048900 141717500 318864500 637729100 956593700 637729100 318864500 141717500 59048900 23619500 9185302 3499106 1312118 485936 178190 64952 24038 9038 3638 738 739 741 747 279 171 279 748 738 740 738 738 738 738 252 90 36 19 15 19 36 90 252 738 732 730 729 729 729 729 243 81 28 12 12 10 9 9 9 9 9 9 10 12 18 36 90 252 738 732 730 729 729 729 730 246 90 54 90 246 730 2187 2187 2187 2187 2187 729 244 84 36 36 84 244 729 729 729 729 729 729 729 243 81 28 12 12 28 81 243 729 2187 6561 6561 6562 2190 738 270 162 270 738 732 730 729 729 729 729 243 81 28 12 12 28 81 243 729 2187 6561 6561 6562 2190 738 270 162 270 738 732 730 729 729 729 729 243 81 28 12 12 10 9 9 9 9 9 9 10 12 18 36 90 252 738 732 730 729 729 729 729 243 81 28 12 12 10 9 9 9 9 9 9 9 9 9 9 2909 8309 23309 64703 178101 485900 1312100 3499100 9185300 23619500 59048900 141717500 318864500 637729100 956593700 
956593700 637729100 318864500 141717500 59048900 23619500 9185301 3499101 1312101 485901 178101 64701 23301 8301 2901 1 2 4 10 28 28 28 28 28 28 27 27 27 27 27 2927 8327 23309 64703 178101 485900 1312100 3499100 9185300 23619500 59048900 141717500 318864500 637729100 956593700 637729100 318864500 141717500 59048900 23619500 9185302 3499106 1312118 485954 178208 64970 23570 8570 3170 270 271 273 279 297 189 297 262 252 254 270 270 270 270 270 108 54 37 33 37 54 108 270 252 246 244 243 243 243 243 243 81 28 12 12 28 27 27 27 27 27 27 28 30 36 54 108 270 252 246 244 243 243 243 244 246 90 54 90 246 730 729 729 729 729 729 729 244 84 36 36 84 244 243 243 243 243 243 243 243 243 81 28 12 12 28 81 243 729 2187 6561 19683 6562 2190 738 270 162 270 252 246 244 243 243 243 243 243 81 28 12 12 28 81 243 729 2187 6561 19683 6562 2190 738 270 162 270 252 246 244 243 243 243 243 243 81 28 12 12 28 27 27 27 27 27 27 28 30 36 54 108 270 252 246 244 243 243 243 243 243 81 28 12 12 28 27 27 27 27 27 27 27 27 27 27 2927 8327 23309 64703 178101 485900 1312100 3499100 9185300 23619500 59048900 141717500 318864500 637729100 956593700 
956593700 637729100 318864500 141717500 59048900 23619500 9185300 3499100 1312100 485900 178100 64700 23300 8300 2900 0 1 3 9 27 81 81 81 81 81 81 81 81 81 81 2981 8327 23309 64703 178101 485900 1312100 3499100 9185300 23619500 59048900 141717500 318864500 637729100 956593700 637729100 318864500 141717500 59048900 23619500 9185302 3499106 1312118 485954 178262 64862 23462 8462 3062 162 163 165 171 189 243 135 100 90 92 108 162 162 162 162 162 108 91 87 91 108 162 108 90 84 82 81 81 81 81 81 81 28 12 12 28 81 81 81 81 81 81 82 84 90 108 162 108 90 84 82 81 81 81 82 84 90 54 90 246 244 243 243 243 243 243 243 244 84 36 36 84 82 81 81 81 81 81 81 81 81 81 28 12 12 28 81 243 729 2187 6561 6561 6562 2190 738 270 162 108 90 84 82 81 81 81 81 81 81 28 12 12 28 81 243 729 2187 6561 6561 6562 2190 738 270 162 108 90 84 82 81 81 81 81 81 81 28 12 12 28 81 81 81 81 81 81 82 84 90 108 162 108 90 84 82 81 81 81 81 81 81 28 12 12 28 81 81 81 81 81 81 81 81 81 81 2981 8327 23309 64703 178101 485900 1312100 3499100 9185300 23619500 59048900 141717500 318864500 637729100 956593700 
956593700 637729100 318864500 141717500 59048900 23619500 9185300 3499100 1312100 485900 178100 64700 23300 8300 2900 0 1 3 9 27 81 243 243 243 243 243 243 243 243 243 2981 8327 23309 64703 178101 485900 1312100 3499100 9185300 23619500 59048900 141717500 318864500 637729100 956593700 637729100 318864500 141717500 59048900 23619500 9185302 3499106 1312118 485954 178208 64970 23570 8570 3170 270 271 273 279 297 135 81 46 36 38 54 108 270 270 270 270 270 253 249 253 270 108 54 36 30 28 27 27 27 27 27 27 28 12 12 28 81 243 243 243 243 243 244 246 252 270 108 54 36 30 28 27 27 27 28 30 36 54 90 84 82 81 81 81 81 81 81 82 84 36 36 30 28 27 27 27 27 27 27 27 27 27 28 12 12 28 81 243 729 2187 2187 2187 2188 2190 738 270 108 54 36 30 28 27 27 27 27 27 27 28 12 12 28 81 243 729 2187 2187 2187 2188 2190 738 270 108 54 36 30 28 27 27 27 27 27 27 28 12 12 28 81 243 243 243 243 243 244 246 252 270 108 54 36 30 28 27 27 27 27 27 27 28 12 12 28 81 243 243 243 243 243 243 243 243 243 2981 8327 23309 64703 178101 485900 1312100 3499100 9185300 23619500 59048900 141717500 318864500 637729100 956593700 
956593700 637729100 318864500 141717500 59048900 23619500 9185300 3499100 1312100 485900 178100 64700 23300 8300 2900 0 1 3 9 27 81 243 729 729 729 729 729 729 729 243 2981 8327 23309 64703 178101 485900 1312100 3499100 9185300 23619500 59048900 141717500 318864500 637729100 956593700 637729100 318864500 141717500 59048900 23619500 9185302 3499106 1312118 485936 178190 64952 24038 9038 3638 738 739 741 747 261 99 45 28 18 20 36 90 252 738 738 738 738 739 735 739 252 90 36 18 12 10 9 9 9 9 9 9 10 12 12 28 81 243 729 729 729 729 730 732 738 252 90 36 18 12 10 9 9 9 110 212 318 436 536 630 728 827 927 1027 1127 1227 1327 1428 1530 1636 1718 1812 1910 2009 2109 2209 2309 2409 2509 2609 2709 2809 2910 2912 2912 2928 2981 3143 3629 3629 3629 3629 3630 3632 3538 2952 2690 2536 2418 2312 2210 2109 2009 1909 1809 1709 1609 1510 1412 1312 1228 1181 1243 1629 1529 1429 1329 1230 1132 1038 452 190 36 18 12 10 9 9 9 9 9 9 10 12 12 28 81 243 729 729 729 729 730 732 738 252 90 36 18 12 10 9 9 9 9 9 9 10 12 12 28 81 243 729 729 729 729 729 729 729 243 2981 8327 23309 64703 178101 485900 1312100 3499100 9185300 23619500 59048900 141717500 318864500 637729100 956593700 
956593700 637729100 318864500 141717500 59048900 23619500 9185300 3499100 1312100 485900 178100 64700 23300 8300 2900 0 1 3 9 27 81 243 729 2187 2187 2187 2187 2187 729 243 2981 8327 23309 64703 178101 485900 1312100 3499100 9185300 23619500 59048900 141717500 318864500 637729100 956593700 637729100 318864500 141717500 59048900 23619500 9185302 3499106 1312112 485930 178184 64946 24032 10490 5090 2190 2191 2193 735 249 87 33 16 12 14 30 84 246 732 2190 2190 2190 2191 2193 733 246 84 30 12 6 4 3 3 3 3 3 3 4 6 12 28 81 243 729 2187 2187 2187 2188 2190 732 246 84 30 12 6 4 3 3 3 104 406 712 1012 1312 1612 1910 2209 2509 2809 3109 3409 3709 4010 4312 4612 4912 5206 5504 5803 6103 6403 6703 7003 7303 7603 7903 8203 8304 8306 8312 8328 8381 8543 8543 8543 8543 8543 8544 8646 8546 8246 7784 7430 7112 6806 6504 6203 5903 5603 5303 5003 4703 4404 4106 3812 3528 3281 3143 2843 2543 2243 1943 1644 1346 1046 746 284 30 12 6 4 3 3 3 3 3 3 4 6 12 28 81 243 729 2187 2187 2187 2188 2190 732 246 84 30 12 6 4 3 3 3 3 3 3 4 6 12 28 81 243 729 2187 2187 2187 2187 2187 729 243 2981 8327 23309 64703 178101 485900 1312100 3499100 9185300 23619500 59048900 141717500 318864500 637729100 956593700 
956593700 637729100 318864500 141717500 59048900 23619500 9185300 3499100 1312100 485900 178100 64700 23300 8300 2900 0 1 3 9 27 81 243 729 2187 6561 6561 6561 2187 729 243 2981 8327 23309 64703 178101 485900 1312100 3499100 9185300 23619500 59048900 141717500 318864500 637729100 956593700 637729100 318864500 141717500 59048900 23619500 9185302 3499104 1312110 485928 178182 64944 24030 10488 9462 6562 6563 2189 731 245 83 29 12 8 12 28 82 244 730 2188 6562 6562 6563 2189 731 244 82 28 10 4 2 1 1 1 1 1 1 2 4 10 28 81 243 729 2187 6561 6561 6562 2188 730 244 82 28 10 4 2 1 1 1 102 404 1304 2204 3104 4004 4904 5803 6703 7603 8503 9403 10303 11204 12104 13004 13904 14804 15702 16601 17501 18401 19301 20201 21101 22001 22901 23201 23302 23304 23310 23328 23381 23381 23381 23381 23381 23381 23382 23582 23682 23382 22482 21528 20610 19704 18802 17901 17001 16101 15201 14301 13401 12502 11604 10710 9828 8981 8081 7181 6281 5381 4481 3582 2682 1782 882 382 28 10 4 2 1 1 1 1 1 1 2 4 10 28 81 243 729 2187 6561 6561 6562 2188 730 244 82 28 10 4 2 1 1 1 1 1 1 2 4 10 28 81 243 729 2187 6561 6561 6561 2187 729 243 2981 8327 23309 64703 178101 485900 1312100 3499100 9185300 23619500 59048900 141717500 318864500 637729100 956593700 
